0.5911324521559223
0.37266386326136597
0.5918678484015653
0.6122267849688331
0.5840851387062969
0.49644815508349444
0.753543101555233
0.4561980974494646
0.5137866813032492
0.35725849190461473
0.26353202970711825
0.5166787290251602
0.47133652953615285
0.4337597409580874
0.5640808076869324
0.5022621832861068
0.465182219952157
0.49986455685547604
0.6411611560077707
0.25749662288303005
0.3115717181646676
0.5542081331352239
0.4702088122348385
0.40932519766026376
0.5808221885520609
0.5749586456979937
0.45284392944537166
0.4799135040807851
0.40376701087880174
0.5464408113936141
0.6685832812006262
0.6444337657193541
0.6174616039404707
0.7448625603928093
0.39744776934780496
0.5409242811854652
0.19885234500953172
0.5785389956311419
0.8020588817904746
0.45668854404095266
0.2869380748397482
0.2882408938172359
0.5436512044279264
0.5312292970951504
0.5886959066836126
0.5135558019547781
0.46608676907245616
0.6463166831673154
0.26477584988754826
0.6146610434290728
0.5864483427149081
0.47571670520536385
0.3664361974762752
0.36643505759817285
