0.058420185351110855
0.039014516829034535
0.05829304681625404
0.1888405505987206
0.0431721223627352
0.052097416498185146
0.07301175421513331
0.02616033367011496
0.0298346672139713
0.09156530635867326
0.06428563842565777
0.0508571065891646
0.01206891151759679
0.013268197130021522
0.009653742132033937
0.010000719257347343
0.010052297505311718
0.01623216280301196
0.010663391604270182
0.022324360422953774
0.007835165875133974
0.022264772124675866
0.03633208022498335
0.053717403079798956
0.04010119767091643
0.04849358096422329
0.021585817917105215
0.04219821052040555
0.02289355693891394
0.014122513798820745
0.06271108305989677
0.02184852882397053
0.014096716913234823
0.017941654032877008
0.01687568186152263
0.0413073454129496
0.01073200648272603
0.02647876149362036
0.03673741557212599
0.01098491540301347
0.020755051044305008
0.03984588775442952
0.014162191621799472
0.011224848436330561
0.035616952130312754
0.01809675896029894
0.06961076291380215
0.04107921653738014
0.045550992844738125
0.04715272438646627
0.06961076291380215
0.04107921653738014
0.045550992844738125
0.04715272438646627
