3.275045922572207
3.151773756619109
2.634989625016087
3.1001700603026077
1.8980693968007416
1.0918608261961371
3.7314425438695236
5.059835662341392
3.7868433292743586
1.6868154950236929
2.2326500386229586
3.6171279254060256
5.364319647424251
3.75917122702537
2.1101524997056718
2.929161158340788
1.2254409012895902
2.9575965648494226e-16
3.8943024735124703
4.181449810759624
6.191854321459179
4.395367089921178
2.427180630628092
5.327734216635037
4.1312635329568295
4.586341023561629
2.3144085064065534
2.5695597954726352
2.567917429187403
1.2330024924598018
2.3868200641503887
2.5128390772007774
4.619174719837413
3.097734543143958
1.8994519778225418
3.4335603769222742
1.9306637123159227
4.155763387956106
1.1040533004298956
3.8532659635482065
5.514819046253244
3.7018233491734427
3.923389978485395
3.4432755015906067
0.132760193849838
2.413726987686245
1.718824468555133
3.187090776693283
5.009783678461926
4.011531592647795
2.9640889799897763
0.09218025566103355
