0.19196894643084136
0.9310811306449215
0.46830482150719394
9.515481642816981
1.3679122710168337
0.821449392984977
2.884092220177607
0.5123404317523014
0.49895288425479084
1.0092967924849414
0.25707105159179655
2.357993593033966
0.3238463742433138
0.5361896271854931
0.1562746348351731
0.7501504015260103
0.3618554461397309
0.16917240370704784
0.4692805895900575
0.5122275098680806
0.330599646746125
0.4177577784190081
0.9424625724813662
1.270464090323541
1.0711190771241057
0.40763436668830266
3.6880878061793827
0.9933449355320516
0.3561198165540002
0.776325161978162
0.2506655455894112
0.2487104222563001
0.29220555841303136
0.9600714996280558
0.2842151368379761
0.6382473394639441
0.8219792288177531
0.7533216050794297
0.8964220632984484
0.5578354435263295
0.5574938998604845
0.46850335746359373
0.8447850255503294
1.0464972667222256
0.3390566166791982
0.4224101154317419
0.5464743548274789
0.28818451147014684
1.1727096797587073
1.0072826590707458
1.395172983069817
0.8159290299095723
