0.3727312666303728
0.2770648214314154
0.37697538930724545
1.2785583721776048
0.34192093510521443
0.1600437489353703
0.42877139602029274
0.349547815668843
0.19155522471403885
0.5878864481531103
0.26853209045819326
0.5406865307547489
0.191633476400555
0.1937369820542223
0.5173436773049953
1.7256706612664252
0.1688852303572815
0.3042816617211567
0.6504628874940646
0.3004892287961258
0.18111164062398605
0.4630877349034516
0.2975266049724967
0.4058288476251434
0.3576861319189421
0.3965226859299889
0.1280991839599542
0.6871768559883377
0.3806144273536012
0.3759241396761153
0.4184489870278319
0.23062922982324557
0.5919823141942364
0.2383016977766582
0.23427011504710396
0.5694743342508448
0.15668958523998952
0.3660649827175454
0.2543605824066819
0.1459502414709668
0.15746470754546185
0.7242496324474004
0.19125527868706604
0.16884588789377725
0.58444094783665
0.2835113033096553
0.375404504975996
0.38702848042798377
0.9517045339441266
0.3007580166750984
0.37579221564980037
0.21181891522155133
inf
inf
