7.824882109708061
11.418449370220918
8.15570506213335
24.999999999999996
13.966010153140132
11.746244399428962
12.056493898622774
10.912383626805608
9.50201338995276
9.458610629590869
8.021793617013147
14.636467800684635
15.259768657028838
12.636228279941362
10.040489855377974
24.999999999999996
14.868317899597132
5.843291927269803
14.159551919748857
12.785424130950718
14.85485296932015
11.723422256167261
11.48162665137584
12.216945426104811
13.92816767551984
6.668265870873007
24.999999999998025
10.17651217945738
12.853316642335658
11.845229112093174
13.66493501223761
11.101233160351246
11.111996443694254
14.858239495577298
10.87004157279222
13.723214831097085
16.587177417743526
11.939505466834119
12.37179347081039
11.5635977620202
10.608946560663314
14.706328001200106
18.228728557262993
10.576095997301833
14.652889720687257
13.128503323578423
11.499204712717107
10.005839912485547
11.30204618216856
12.423668637221786
11.589517458730167
10.289373258747437
