0.28876009733890456
0.19026793301095327
0.32780740960333066
0.20998132879908193
0.5403573798684701
0.24291597747300236
0.44208057171169546
0.19386535120054316
0.3664059539564249
0.4068773772583064
0.3288663848569055
0.33077342035310997
0.11707497270511014
0.16229092488313868
0.25684276200230943
0.1663435172243914
0.3208281675741577
0.12522130748215207
0.2706231420861331
0.10613460276080956
0.12431934659298356
0.1386190720004935
0.2618240067621238
0.15516645082468716
0.24639489365771722
0.15877139161102521
0.30774354563295
0.1562242918105243
0.39360971693913804
0.13749466959668946
0.2312244668243664
0.13002108253460948
0.31923096051901495
0.13403107587014515
0.31536833406123843
0.21757236947908265
0.7227600698206221
0.23771942971423524
0.3832529089453872
0.16115267025757932
0.4759395596671989
0.2863997065172406
0.3352340263270783
0.19897840612287732
0.3071042230720452
0.271996798857268
0.5310192884271453
0.38261756717732787
0.5539924535169684
0.3131818814173039
1.0021791620836884
1.1583606552689208e-05
inf
inf
