0.7778674065758506
0.5344314107663403
0.7994364877552153
0.145732486763447
1.367078398467113
1.3402430086580135
1.0849844304734888
0.5698724702498015
1.825369122220104
0.5926122379271179
1.1196637750366358
0.6128019472660257
0.594200397431042
0.7738273580498946
0.43827396014598174
0.09373391625634993
1.8499566546422899
0.4035112377488151
0.37116872706377924
0.3733216651176234
0.6502288017297446
0.29419765375155027
0.752634565184688
0.39000089750967437
0.6397782998929671
0.4284391095943255
2.2562602589523277
0.21637511658685038
1.1155544878853023
0.384581074900777
0.5577926224115053
0.5584737023228534
0.5019859737068773
0.604784964089237
1.3455762584536957
0.4075169551660348
4.608638523237096
0.6759695493495752
1.5004420479150686
1.1218807613073911
2.9368006296428186
0.41772168015806516
1.5991538684143596
1.122087101901049
0.5688818018642327
0.9505715454734834
1.3297388781312507
0.886696029513747
0.6134029667169696
0.8713448447266561
3.6440813653778057
3.663006771496659e-05
9.662151076775855
0.00028544252073473464
