10.579364075693586
17.230429046111002
10.812904162357544
10.467311858768463
13.048405903881232
13.088479913325402
12.112525467578546
11.076111829599606
12.475584420931847
7.886477259149111
22.826064002205936
13.137798729280089
11.234823942398965
11.234823777814718
13.122244536834675
19.00099658162894
15.094462286169415
16.41993561148474
20.886282498452104
12.608817592107513
12.971287604244289
15.08256786417524
10.885487475350702
11.231994312987684
11.68771299920827
11.671325005999332
16.457883198965927
14.30784257631235
13.288424348705753
12.483723114632845
30.959155572098606
12.834032724463214
16.15804666360172
11.556442051228276
31.64183799479852
11.671997707148277
16.306127403076193
12.887287286169498
20.586143171373127
8.471689517706226
13.060141130233369
11.582358848941597
10.389966976455616
11.614173753734192
10.899668815802467
11.735014175117911
18.953046110238574
9.33905233040365
10.899668815802467
11.735014175117911
18.953046110238574
9.33905233040365
